function [colorPalette_new] = getColorPalette
% To have nicer colors.

colorPalette_new=[0.61 0 0.26 
         0.84 0.24 0.31
         0.96 0.43 0.26
         0.99 0.68 0.38
         0.99 0.95 0.55
         0.90 0.96 0.60
        0.67 0.87 0.64
        0.4 0.76 0.65
        0.65 0.81 0.89 
        0.26 0.58 0.76
        0.19 0.53 0.74
        0.37 0.31 0.64];    
end

